,f,spectrum
0,0.0,3.5668683866836276e-06
1,0.005005005005005005,3.5740916066381136e-06
2,0.01001001001001001,3.595838342232966e-06
3,0.015015015015015015,3.6323405184925524e-06
4,0.02002002002002002,3.6839869621045143e-06
5,0.025025025025025023,3.7513266799855557e-06
6,0.03003003003003003,3.83507313331526e-06
7,0.035035035035035036,3.936109148024093e-06
8,0.04004004004004004,4.055491937008859e-06
9,0.04504504504504504,4.194457494019479e-06
10,0.050050050050050046,4.3544233420160305e-06
11,0.055055055055055056,4.536988269193194e-06
12,0.06006006006006006,4.743927257683469e-06
13,0.06506506506506507,4.977179306573562e-06
14,0.07007007007007007,5.238825292977404e-06
15,0.07507507507507508,5.531052451627815e-06
16,0.08008008008008008,5.8561015769689595e-06
17,0.08508508508508508,6.216192814149028e-06
18,0.09009009009009009,6.613426133810314e-06
19,0.09509509509509509,7.049653587871784e-06
20,0.10010010010010009,7.526322589758435e-06
21,0.10510510510510511,8.044293124224935e-06
22,0.11011011011011011,8.603637216619894e-06
23,0.11511511511511512,9.203436102265977e-06
24,0.12012012012012012,9.841598675966002e-06
25,0.12512512512512514,1.0514732495791385e-05
26,0.13013013013013014,1.121810351064507e-05
27,0.13513513513513514,1.1945719851462095e-05
28,0.14014014014014015,1.26905658038457e-05
29,0.14514514514514515,1.3444993350150508e-05
30,0.15015015015015015,1.420125219599287e-05
31,0.15515515515515516,1.4952110219341112e-05
32,0.16016016016016016,1.5691492623621823e-05
33,0.16516516516516516,1.641505762200384e-05
34,0.17017017017017017,1.7120633881980114e-05
35,0.17517517517517517,1.780846925085743e-05
36,0.18018018018018017,1.8481274845217814e-05
37,0.18518518518518517,1.9144083691499303e-05
38,0.19019019019019018,1.9803969724960792e-05
39,0.19519519519519518,2.0469685886598046e-05
40,0.20020020020020018,2.115127897625406e-05
41,0.20520520520520522,2.1859727323502127e-05
42,0.21021021021021022,2.2606630385293692e-05
43,0.21521521521521522,2.34039618397813e-05
44,0.22022022022022023,2.4263882807437654e-05
45,0.22522522522522523,2.5198600874622507e-05
46,0.23023023023023023,2.6220253613230392e-05
47,0.23523523523523523,2.7340791539059116e-05
48,0.24024024024024024,2.857183404596112e-05
49,0.24524524524524524,2.9924472179418517e-05
50,0.2502502502502503,3.140899405696046e-05
51,0.2552552552552553,3.303451276798858e-05
52,0.2602602602602603,3.4808483699905836e-05
53,0.2652652652652653,3.6736109829400676e-05
54,0.2702702702702703,3.881965101116527e-05
55,0.2752752752752753,4.10576775485394e-05
56,0.2802802802802803,4.344433873750198e-05
57,0.2852852852852853,4.596875048152259e-05
58,0.2902902902902903,4.861463583644623e-05
59,0.2952952952952953,5.13603682104369e-05
60,0.3003003003003003,5.4179556608401335e-05
61,0.3053053053053053,5.7042265242826225e-05
62,0.3103103103103103,5.991687298724395e-05
63,0.3153153153153153,6.277246150929233e-05
64,0.3203203203203203,6.55814994210666e-05
65,0.3253253253253253,6.832249839724668e-05
66,0.3303303303303303,7.09822889726057e-05
67,0.3353353353353353,7.355761516121639e-05
68,0.34034034034034033,7.605586865496454e-05
69,0.34534534534534533,7.849494147907634e-05
70,0.35035035035035034,8.09023258521917e-05
71,0.35535535535535534,8.331369340911196e-05
72,0.36036036036036034,8.577122420226266e-05
73,0.36536536536536535,8.832193260358137e-05
74,0.37037037037037035,9.101617170510009e-05
75,0.37537537537537535,9.390641449937832e-05
76,0.38038038038038036,9.704632954193205e-05
77,0.38538538538538536,0.0001004901031285217
78,0.39039039039039036,0.00010429191307086945
79,0.39539539539539537,0.00010850542901851023
80,0.40040040040040037,0.00011318319668274449
81,0.40540540540540543,0.00011837575450373674
82,0.41041041041041043,0.00012413032998978186
83,0.41541541541541543,0.00013048897158024023
84,0.42042042042042044,0.00013748599717155287
85,0.42542542542542544,0.00014514469331633955
86,0.43043043043043044,0.0001534732933246972
87,0.43543543543543545,0.00016246041116190684
88,0.44044044044044045,0.0001720703167920318
89,0.44544544544544545,0.00018223869521445467
90,0.45045045045045046,0.00019286979346762304
91,0.45545545545545546,0.00020383604643296012
92,0.46046046046046046,0.00021498126982635136
93,0.46546546546546547,0.000226128202289008
94,0.47047047047047047,0.0002370905105288381
95,0.4754754754754755,0.000247688410929581
96,0.4804804804804805,0.00025776603908183395
97,0.4854854854854855,0.0002672079636347114
98,0.4904904904904905,0.0002759521204932634
99,0.4954954954954955,0.0002839970718648659
100,0.5005005005005005,0.00029140271187505485
101,0.5055055055055055,0.0002982849447248984
102,0.5105105105105106,0.00030480599596831206
103,0.5155155155155156,0.00031116257694394236
104,0.5205205205205206,0.0003175740567163877
105,0.5255255255255256,0.00032427227348957145
106,0.5305305305305306,0.00033149390046710434
107,0.5355355355355356,0.00033947560091817167
108,0.5405405405405406,0.0003484516974915805
109,0.5455455455455456,0.00035865377408136304
110,0.5505505505505506,0.00037031148919420203
111,0.5555555555555556,0.00038365384414788725
112,0.5605605605605606,0.0003989101552434775
113,0.5655655655655656,0.0004163099805129103
114,0.5705705705705706,0.00043608122445952443
115,0.5755755755755756,0.0004584455864323785
116,0.5805805805805806,0.0004836104516714705
117,0.5855855855855856,0.0005117562982820177
118,0.5905905905905906,0.000543018792351237
119,0.5955955955955956,0.0005774650895367398
120,0.6006006006006006,0.000615064608324362
121,0.6056056056056056,0.0006556558380300169
122,0.6106106106106106,0.0006989126602808555
123,0.6156156156156156,0.0007443160448872051
124,0.6206206206206206,0.0007911392987649058
125,0.6256256256256256,0.0008384562968580418
126,0.6306306306306306,0.0008851809784765094
127,0.6356356356356356,0.0009301417433405249
128,0.6406406406406406,0.0009721862356327752
129,0.6456456456456456,0.0010103022586619703
130,0.6506506506506506,0.001043732878430759
131,0.6556556556556556,0.0010720620573915368
132,0.6606606606606606,0.0010952532237873728
133,0.6656656656656657,0.0011136352182713435
134,0.6706706706706707,0.001127843317771815
135,0.6756756756756757,0.0011387324474081712
136,0.6806806806806807,0.0011472825359721437
137,0.6856856856856857,0.0011545127855177304
138,0.6906906906906907,0.001161415120489881
139,0.6956956956956957,0.0011689102732322257
140,0.7007007007007007,0.001177824838907849
141,0.7057057057057057,0.0011888848298966682
142,0.7107107107107107,0.0012027204487648252
143,0.7157157157157157,0.0012198772592479222
144,0.7207207207207207,0.0012408299730752035
145,0.7257257257257257,0.0012659962057260193
146,0.7307307307307307,0.0012957485330162884
147,0.7357357357357357,0.0013304239173132157
148,0.7407407407407407,0.0013703300782619394
149,0.7457457457457457,0.0014157487112144678
150,0.7507507507507507,0.001466935669063227
151,0.7557557557557557,0.0015241183744842293
152,0.7607607607607607,0.0015874908603390164
153,0.7657657657657657,0.0016572069710067757
154,0.7707707707707707,0.001733372405422946
155,0.7757757757757757,0.0018160364363577102
156,0.7807807807807807,0.0019051842777460632
157,0.7857857857857857,0.002000731158166659
158,0.7907907907907907,0.0021025191528009145
159,0.7957957957957957,0.002210317690152296
160,0.8008008008008007,0.002323828360355705
161,0.8058058058058059,0.002442694213692708
162,0.8108108108108109,0.0025665131920375823
163,0.8158158158158159,0.0026948547600512073
164,0.8208208208208209,0.0028272782998004795
165,0.8258258258258259,0.0029633515078619833
166,0.8308308308308309,0.003102666969191745
167,0.8358358358358359,0.003244855310180617
168,0.8408408408408409,0.003389593827501798
169,0.8458458458458459,0.0035366101677956523
170,0.8508508508508509,0.0036856813790843105
171,0.8558558558558559,0.003836629343689141
172,0.8608608608608609,0.003989314128318124
173,0.8658658658658659,0.0041436270792236125
174,0.8708708708708709,0.004299485519203247
175,0.8758758758758759,0.004456830676371643
176,0.8808808808808809,0.004615630028715626
177,0.8858858858858859,0.004775884640661097
178,0.8908908908908909,0.0049376413692858515
179,0.8958958958958959,0.005101009108217996
180,0.9009009009009009,0.005266177599261511
181,0.9059059059059059,0.005433436852273443
182,0.9109109109109109,0.005603194932361807
183,0.9159159159159159,0.005775991830228409
184,0.9209209209209209,0.005952507318208526
185,0.9259259259259259,0.006133561063349173
186,0.9309309309309309,0.006320103740698435
187,0.9359359359359359,0.006513198372331581
188,0.9409409409409409,0.00671399152713103
189,0.9459459459459459,0.00692367430077119
190,0.950950950950951,0.0071434331499453906
191,0.955955955955956,0.007374390729590548
192,0.960960960960961,0.007617536979567898
193,0.965965965965966,0.00787365097326226
194,0.970970970970971,0.008143214644759644
195,0.975975975975976,0.008426320620858432
196,0.980980980980981,0.008722578123811064
197,0.985985985985986,0.009031023305089992
198,0.990990990990991,0.009350043269370528
199,0.995995995995996,0.009677326043994147
200,1.001001001001001,0.01000985111882758
201,1.006006006006006,0.01034393590106355
202,1.011011011011011,0.010675351332957434
203,1.016016016016016,0.010999514043680948
204,1.021021021021021,0.011311752492673776
205,1.026026026026026,0.011607631574466959
206,1.031031031031031,0.011883306519920409
207,1.0360360360360361,0.012135866207247313
208,1.0410410410410411,0.012363621871568123
209,1.0460460460460461,0.012566302043076167
210,1.0510510510510511,0.012745128178777966
211,1.0560560560560561,0.012902764856901372
212,1.0610610610610611,0.01304315862050624
213,1.0660660660660661,0.013171295493996496
214,1.0710710710710711,0.013292915423675899
215,1.0760760760760761,0.01341422161272705
216,1.0810810810810811,0.01354161557201516
217,1.0860860860860861,0.013681477721365855
218,1.0910910910910911,0.013840001707183172
219,1.0960960960960962,0.014023080606286722
220,1.1011011011011012,0.014236236060085183
221,1.1061061061061062,0.01448457729620153
222,1.1111111111111112,0.014772775465776844
223,1.1161161161161162,0.015105039031508385
224,1.1211211211211212,0.015485077425504376
225,1.1261261261261262,0.015916042431524415
226,1.1311311311311312,0.016400439591566302
227,1.1361361361361362,0.016940005504959332
228,1.1411411411411412,0.017535551460038643
229,1.1461461461461462,0.018186779727048442
230,1.1511511511511512,0.018892086201656427
231,1.1561561561561562,0.019648371676057735
232,1.1611611611611612,0.020450892916481455
233,1.1661661661661662,0.021293192157263503
234,1.1711711711711712,0.022167146935017628
235,1.1761761761761762,0.02306317828317369
236,1.1811811811811812,0.02397064157827791
237,1.1861861861861862,0.02487840003197082
238,1.1911911911911912,0.025775548436653035
239,1.1961961961961962,0.02665222055928931
240,1.2012012012012012,0.027500386564634154
241,1.2062062062062062,0.028314536068176875
242,1.2112112112112112,0.029092153257442077
243,1.2162162162162162,0.02983392191959293
244,1.2212212212212212,0.03054364239363956
245,1.2262262262262262,0.031227887619787113
246,1.2312312312312312,0.03189546019120131
247,1.2362362362362362,0.032556729611231426
248,1.2412412412412412,0.03322292791234357
249,1.2462462462462462,0.033905466683937555
250,1.2512512512512513,0.034615316304945826
251,1.2562562562562563,0.03536246562759236
252,1.2612612612612613,0.03615546248976349
253,1.2662662662662663,0.037001024798385906
254,1.2712712712712713,0.037903708997432534
255,1.2762762762762763,0.038865626618169356
256,1.2812812812812813,0.0398862086813199
257,1.2862862862862863,0.04096202997101255
258,1.2912912912912913,0.04208671828523932
259,1.2962962962962963,0.04325098491818476
260,1.3013013013013013,0.044442818636389485
261,1.3063063063063063,0.04564788291673576
262,1.3113113113113113,0.04685014247727669
263,1.3163163163163163,0.04803271921498039
264,1.3213213213213213,0.049178941720019125
265,1.3263263263263263,0.050273512544727915
266,1.3313313313313313,0.05130368262921936
267,1.3363363363363363,0.05226030305785923
268,1.3413413413413413,0.05313862856998886
269,1.3463463463463463,0.05393877708627945
270,1.3513513513513513,0.05466579958139494
271,1.3563563563563563,0.05532937334218456
272,1.3613613613613613,0.05594318499316995
273,1.3663663663663663,0.05652410597207141
274,1.3713713713713713,0.05709127657726199
275,1.3763763763763763,0.05766520625953614
276,1.3813813813813813,0.058266973654759475
277,1.3863863863863863,0.058917578324669054
278,1.3913913913913913,0.05963746500147795
279,1.3963963963963963,0.060446215577066614
280,1.4014014014014013,0.06136238648453461
281,1.4064064064064064,0.062403459419970955
282,1.4114114114114114,0.06358587000191793
283,1.4164164164164164,0.06492507985186072
284,1.4214214214214214,0.06643566066842067
285,1.4264264264264264,0.06813136255245102
286,1.4314314314314314,0.07002514204026197
287,1.4364364364364364,0.07212912743604527
288,1.4414414414414414,0.07445449993719654
289,1.4464464464464464,0.0770112688985192
290,1.4514514514514514,0.0798079188822669
291,1.4564564564564564,0.08285090572465784
292,1.4614614614614614,0.08614397995067226
293,1.4664664664664664,0.08968732019274428
294,1.4714714714714714,0.09347646903532801
295,1.4764764764764764,0.09750108156634249
296,1.4814814814814814,0.10174352562584607
297,1.4864864864864864,0.10617741443538295
298,1.4914914914914914,0.11076620719445422
299,1.4964964964964964,0.11546207778911845
300,1.5015015015015014,0.12020531644428521
301,1.5065065065065064,0.12492457677058365
302,1.5115115115115114,0.12953828662780803
303,1.5165165165165164,0.13395747776885109
304,1.5215215215215214,0.13809013483448715
305,1.5265265265265264,0.1418469175941316
306,1.5315315315315314,0.1451478036412893
307,1.5365365365365364,0.14792890230413241
308,1.5415415415415414,0.15014849909740738
309,1.5465465465465464,0.15179139005588985
310,1.5515515515515514,0.15287079377494572
311,1.5565565565565564,0.15342754610721485
312,1.5615615615615615,0.15352677737730566
313,1.5665665665665665,0.15325270409015246
314,1.5715715715715715,0.1527024226112423
315,1.5765765765765765,0.15197962579085364
316,1.5815815815815815,0.1511890049099119
317,1.5865865865865865,0.1504318282413875
318,1.5915915915915915,0.1498028940600542
319,1.5965965965965965,0.14938880894138448
320,1.6016016016016015,0.1492673755694036
321,1.6066066066066067,0.14950779011571086
322,1.6116116116116117,0.1501713297940773
323,1.6166166166166167,0.15131223162476692
324,1.6216216216216217,0.15297850102906824
325,1.6266266266266267,0.155212427484279
326,1.6316316316316317,0.15805061568533774
327,1.6366366366366367,0.16152336322440514
328,1.6416416416416417,0.1656532347688895
329,1.6466466466466467,0.17045270897015913
330,1.6516516516516517,0.1759208244296361
331,1.6566566566566567,0.182038846560518
332,1.6616616616616617,0.18876514191745247
333,1.6666666666666667,0.1960296993081359
334,1.6716716716716717,0.2037290774292521
335,1.6766766766766767,0.2117229463458206
336,1.6816816816816818,0.21983372167079226
337,1.6866866866866868,0.2278508918892419
338,1.6916916916916918,0.23554129787964379
339,1.6966966966966968,0.2426656797063631
340,1.7017017017017018,0.2490002949927084
341,1.7067067067067068,0.2543606850923749
342,1.7117117117117118,0.25862335716611073
343,1.7167167167167168,0.26174093828391265
344,1.7217217217217218,0.2637475658229192
345,1.7267267267267268,0.2647536003459742
346,1.7317317317317318,0.2649313284264284
347,1.7367367367367368,0.2644952004434421
348,1.7417417417417418,0.2636807509743833
349,1.7467467467467468,0.26272571971969605
350,1.7517517517517518,0.26185553221177266
351,1.7567567567567568,0.2612738279614989
352,1.7617617617617618,0.2611575802988724
353,1.7667667667667668,0.2616557036918983
354,1.7717717717717718,0.2628898414116088
355,1.7767767767767768,0.2649561200017332
356,1.7817817817817818,0.2679268946401883
357,1.7867867867867868,0.2718517838808388
358,1.7917917917917918,0.2767575508448355
359,1.7967967967967968,0.28264662170899235
360,1.8018018018018018,0.2894942590770455
361,1.8068068068068068,0.29724465561183694
362,1.8118118118118118,0.30580650503773965
363,1.8168168168168168,0.31504894453658683
364,1.8218218218218218,0.3247991065219555
365,1.8268268268268268,0.3348427768057653
366,1.8318318318318318,0.3449296849587558
367,1.8368368368368369,0.3547845845368511
368,1.8418418418418419,0.3641244022496689
369,1.8468468468468469,0.3726803895120058
370,1.8518518518518519,0.3802226787625031
371,1.8568568568568569,0.3865834298077506
372,1.8618618618618619,0.3916743928390759
373,1.8668668668668669,0.395495527464995
374,1.8718718718718719,0.39813315929977255
375,1.8768768768768769,0.39974843450546693
376,1.8818818818818819,0.40055877026731923
377,1.8868868868868869,0.400816004682752
378,1.8918918918918919,0.40078486364744914
379,1.896896896896897,0.4007244460164353
380,1.901901901901902,0.4008741542808701
381,1.906906906906907,0.4014443075588363
382,1.911911911911912,0.40261083074482806
383,1.916916916916917,0.404512986122254
384,1.921921921921922,0.40725303624743386
385,1.926926926926927,0.4108968812857464
386,1.931931931931932,0.4154749876544225
387,1.936936936936937,0.42098323688250544
388,1.941941941941942,0.42738362611664493
389,1.946946946946947,0.43460501856088224
390,1.951951951951952,0.4425443551646891
391,1.956956956956957,0.4510688770189597
392,1.961961961961962,0.4600199432862695
393,1.966966966966967,0.46921893164097
394,1.971971971971972,0.4784754571199716
395,1.976976976976977,0.48759774989328786
396,1.981981981981982,0.49640454685647784
397,1.986986986986987,0.5047373788207539
398,1.991991991991992,0.5124718067709242
399,1.996996996996997,0.5195260975770354
400,2.002002002002002,0.5258660901831805
401,2.007007007007007,0.5315055498166041
402,2.012012012012012,0.5365020093978741
403,2.017017017017017,0.5409487745474473
404,2.022022022022022,0.5449642589256268
405,2.027027027027027,0.5486800300649999
406,2.032032032032032,0.5522288851625793
407,2.037037037037037,0.5557340189006033
408,2.042042042042042,0.5593000018087434
409,2.047047047047047,0.5630059595062359
410,2.052052052052052,0.5669010956866414
411,2.057057057057057,0.5710025564080716
412,2.062062062062062,0.5752955745179646
413,2.067067067067067,0.5797358221641082
414,2.0720720720720722,0.5842538894069338
415,2.0770770770770772,0.5887617561387187
416,2.0820820820820822,0.5931610074361502
417,2.0870870870870872,0.597352358532009
418,2.0920920920920922,0.6012458334255214
419,2.0970970970970972,0.6047707352521822
420,2.1021021021021022,0.6078844246994264
421,2.1071071071071072,0.6105789444881113
422,2.1121121121121122,0.6128847209525645
423,2.1171171171171173,0.6148709177142453
424,2.1221221221221223,0.6166424435621148
425,2.1271271271271273,0.6183340310154289
426,2.1321321321321323,0.620102110934752
427,2.1371371371371373,0.6221153523035075
428,2.1421421421421423,0.6245447042993881
429,2.1471471471471473,0.627553605889923
430,2.1521521521521523,0.6312887816243159
431,2.1571571571571573,0.6358717934287985
432,2.1621621621621623,0.6413913290865942
433,2.1671671671671673,0.647896120812174
434,2.1721721721721723,0.6553884233245751
435,2.1771771771771773,0.66381814260862
436,2.1821821821821823,0.673077979159115
437,2.1871871871871873,0.6830002967308595
438,2.1921921921921923,0.693356784521895
439,2.1971971971971973,0.7038622459280544
440,2.2022022022022023,0.7141838847044983
441,2.2072072072072073,0.7239571228591352
442,2.2122122122122123,0.7328081696530181
443,2.2172172172172173,0.7403822838440872
444,2.2222222222222223,0.7463751392754564
445,2.2272272272272273,0.7505633267859252
446,2.2322322322322323,0.7528293172248528
447,2.2372372372372373,0.753176584051846
448,2.2422422422422423,0.7517321238268633
449,2.2472472472472473,0.7487359620511336
450,2.2522522522522523,0.7445196953563169
451,2.2572572572572573,0.7394779540555507
452,2.2622622622622623,0.7340373934264525
453,2.2672672672672673,0.7286273929864359
454,2.2722722722722724,0.7236553949735465
455,2.2772772772772774,0.7194882526049617
456,2.2822822822822824,0.7164395417074765
457,2.2872872872872874,0.714761790743741
458,2.2922922922922924,0.7146420815991268
459,2.2972972972972974,0.716199407664394
460,2.3023023023023024,0.7194824319629253
461,2.3073073073073074,0.7244667575991662
462,2.3123123123123124,0.7310514307027991
463,2.3173173173173174,0.7390550979708722
464,2.3223223223223224,0.7482129972344582
465,2.3273273273273274,0.7581766976488395
466,2.3323323323323324,0.7685190830782577
467,2.3373373373373374,0.7787472576007274
468,2.3423423423423424,0.7883255589689527
469,2.3473473473473474,0.7967094566071162
470,2.3523523523523524,0.8033887723527088
471,2.3573573573573574,0.8079357858572194
472,2.3623623623623624,0.810051216216106
473,2.3673673673673674,0.8095998852358719
474,2.3723723723723724,0.8066288928708919
475,2.3773773773773774,0.8013644200028849
476,2.3823823823823824,0.7941878850165943
477,2.3873873873873874,0.7855965528832962
478,2.3923923923923924,0.776156373665294
479,2.3973973973973974,0.7664551417216037
480,2.4024024024024024,0.7570623281563426
481,2.4074074074074074,0.7484991103664407
482,2.4124124124124124,0.7412192641730588
483,2.4174174174174174,0.7355994251365956
484,2.4224224224224224,0.7319360281737858
485,2.4274274274274275,0.7304458976612391
486,2.4324324324324325,0.7312677161298876
487,2.4374374374374375,0.7344621810960914
488,2.4424424424424425,0.7400093899323255
489,2.4474474474474475,0.7478028066956475
490,2.4524524524524525,0.7576400844257961
491,2.4574574574574575,0.7692121009034301
492,2.4624624624624625,0.7820928421890972
493,2.4674674674674675,0.7957341426345697
494,2.4724724724724725,0.8094704544031078
495,2.4774774774774775,0.822539199981186
496,2.4824824824824825,0.8341210981597955
497,2.4874874874874875,0.8434015107477745
498,2.4924924924924925,0.8496483556812021
499,2.4974974974974975,0.8522956782884937
500,2.5025025025025025,0.8510169884249952
501,2.5075075075075075,0.8457717103139415
502,2.5125125125125125,0.8368130220292023
503,2.5175175175175175,0.82465484128966
504,2.5225225225225225,0.8100061680351935
505,2.5275275275275275,0.793688276181161
506,2.5325325325325325,0.7765519351488905
507,2.5375375375375375,0.7594083036454902
508,2.5425425425425425,0.7429807991838805
509,2.5475475475475475,0.7278789164409505
510,2.5525525525525525,0.7145904973994832
511,2.5575575575575575,0.7034868586376142
512,2.5625625625625625,0.6948350065373256
513,2.5675675675675675,0.6888121117142386
514,2.5725725725725725,0.6855187472951034
515,2.5775775775775776,0.6849886698231289
516,2.5825825825825826,0.6871939518588102
517,2.5875875875875876,0.6920450642176592
518,2.5925925925925926,0.6993861562529732
519,2.5975975975975976,0.7089864317559259
520,2.6026026026026026,0.7205292863985822
521,2.6076076076076076,0.7336018145480158
522,2.6126126126126126,0.7476883377620329
523,2.6176176176176176,0.7621724953818767
524,2.6226226226226226,0.7763526941235255
525,2.6276276276276276,0.7894747216776663
526,2.6326326326326326,0.8007825802132883
527,2.6376376376376376,0.809584104683831
528,2.6426426426426426,0.8153226362910126
529,2.6476476476476476,0.8176418075832667
530,2.6526526526526526,0.8164295305588142
531,2.6576576576576576,0.8118308031434922
532,2.6626626626626626,0.8042262476347016
533,2.6676676676676676,0.7941817401319616
534,2.6726726726726726,0.7823808510998826
535,2.6776776776776776,0.769553985436005
536,2.6826826826826826,0.7564160394383588
537,2.6876876876876876,0.7436197262327765
538,2.6926926926926926,0.7317266188865735
539,2.6976976976976976,0.721194021876602
540,2.7027027027027026,0.7123736289023641
541,2.7077077077077076,0.7055173807712146
542,2.7127127127127126,0.700786448840294
543,2.7177177177177176,0.6982602712379853
544,2.7227227227227226,0.6979436643073541
545,2.7277277277277276,0.6997710237199851
546,2.7327327327327327,0.703607472845405
547,2.7377377377377377,0.7092475455352181
548,2.7427427427427427,0.716412659425652
549,2.7477477477477477,0.7247492637880667
550,2.7527527527527527,0.7338300807899286
551,2.7577577577577577,0.7431611545252359
552,2.7627627627627627,0.7521972483266358
553,2.7677677677677677,0.7603672375723852
554,2.7727727727727727,0.767109393384888
555,2.7777777777777777,0.7719139836387366
556,2.7827827827827827,0.7743679738574356
557,2.7877877877877877,0.7741946792296532
558,2.7927927927927927,0.771280923862797
559,2.7977977977977977,0.7656860887553675
560,2.8028028028028027,0.7576310468402029
561,2.8078078078078077,0.7474692699464061
562,2.8128128128128127,0.7356459151146929
563,2.8178178178178177,0.7226523849828947
564,2.8228228228228227,0.7089834484832618
565,2.8278278278278277,0.695102036617804
566,2.8328328328328327,0.6814142262840582
567,2.8378378378378377,0.6682545575823567
568,2.8428428428428427,0.6558802049667866
569,2.8478478478478477,0.644471752801469
570,2.8528528528528527,0.6341382542317159
571,2.8578578578578577,0.6249246158531433
572,2.8628628628628627,0.6168199022138324
573,2.8678678678678677,0.6097657173334885
574,2.8728728728728727,0.6036642951328971
575,2.8778778778778777,0.5983862744787642
576,2.8828828828828827,0.5937783385634731
577,2.8878878878878878,0.5896709702378159
578,2.8928928928928928,0.5858865296772201
579,2.8978978978978978,0.5822477198967348
580,2.9029029029029028,0.5785862997538463
581,2.9079079079079078,0.5747516756579517
582,2.9129129129129128,0.5706188049056943
583,2.9179179179179178,0.566094730128461
584,2.9229229229229228,0.5611230783732781
585,2.9279279279279278,0.5556860153742711
586,2.932932932932933,0.5498034239880777
587,2.937937937937938,0.5435294194222715
588,2.942942942942943,0.5369466466676109
589,2.947947947947948,0.5301590548499739
590,2.952952952952953,0.5232839615289319
591,2.957957957957958,0.5164441967249644
592,2.962962962962963,0.5097609763881276
593,2.967967967967968,0.5033479450274037
594,2.972972972972973,0.49730659966796464
595,2.977977977977978,0.49172310522768087
596,2.982982982982983,0.48666636108334316
597,2.987987987987988,0.48218708867743953
598,2.992992992992993,0.4783176755955286
599,2.997997997997998,0.4750725201927177
600,3.003003003003003,0.4724486579011715
601,3.008008008008008,0.4704265026003908
602,3.013013013013013,0.468970594030161
603,3.018018018018018,0.468030298746081
604,3.023023023023023,0.4675404642090409
605,3.028028028028028,0.46742207172918515
606,3.033033033033033,0.4675829734392149
607,3.038038038038038,0.4679188304392502
608,3.043043043043043,0.4683143918833861
609,3.048048048048048,0.4686452649946391
610,3.053053053053053,0.4687803192448376
611,3.058058058058058,0.46858483893612496
612,3.063063063063063,0.46792448233931316
613,3.068068068068068,0.46667002000205643
614,3.073073073073073,0.4647027124427516
615,3.078078078078078,0.46192005800776353
616,3.083083083083083,0.4582415134747979
617,3.088088088088088,0.45361368842117517
618,3.093093093093093,0.44801446770237935
619,3.098098098098098,0.4414555483365232
620,3.103103103103103,0.4339829983615161
621,3.108108108108108,0.4256756469261519
622,3.113113113113113,0.4166413668967776
623,3.118118118118118,0.40701156781767406
624,3.123123123123123,0.39693442826420433
625,3.128128128128128,0.38656752216658674
626,3.133133133133133,0.37607051392883045
627,3.138138138138138,0.3655985172310803
628,3.143143143143143,0.355296558338597
629,3.148148148148148,0.34529539412587656
630,3.153153153153153,0.3357087457108733
631,3.158158158158158,0.3266318499819825
632,3.163163163163163,0.31814111980585497
633,3.168168168168168,0.31029464296508935
634,3.173173173173173,0.30313323394527086
635,3.178178178178178,0.2966817704159686
636,3.183183183183183,0.2909505853982543
637,3.188188188188188,0.28593673612134524
638,3.193193193193193,0.28162502403754874
639,3.198198198198198,0.27798869342972576
640,3.203203203203203,0.2749897874818168
641,3.2082082082082084,0.27257919157441085
642,3.2132132132132134,0.2706964456940212
643,3.2182182182182184,0.26926946239819943
644,3.2232232232232234,0.26821434277384315
645,3.2282282282282284,0.26743553545297055
646,3.2332332332332334,0.26682662302658144
647,3.2382382382382384,0.2662720305180297
648,3.2432432432432434,0.2656499124003017
649,3.2482482482482484,0.26483636924477816
650,3.2532532532532534,0.26371096287419793
651,3.2582582582582584,0.2621632497474034
652,3.2632632632632634,0.26009977389698086
653,3.2682682682682684,0.2574507186034041
654,3.2732732732732734,0.254175289972025
655,3.2782782782782784,0.25026496272255566
656,3.2832832832832834,0.2457439813827314
657,3.2882882882882885,0.24066693636141068
658,3.2932932932932935,0.2351137223151549
659,3.2982982982982985,0.2291826080848571
660,3.3033033033033035,0.22298239692647626
661,3.3083083083083085,0.2166246857419154
662,3.3133133133133135,0.21021706529235573
663,3.3183183183183185,0.2038578139334576
664,3.3233233233233235,0.19763231593379096
665,3.3283283283283285,0.19161115731781866
666,3.3333333333333335,0.18584966003554726
667,3.3383383383383385,0.18038851794686933
668,3.3433433433433435,0.17525518056399123
669,3.3483483483483485,0.1704656667328574
670,3.3533533533533535,0.16602655406229883
671,3.3583583583583585,0.1619369602335272
672,3.3633633633633635,0.15819039614730643
673,3.3683683683683685,0.15477642176903092
674,3.3733733733733735,0.15168207199590772
675,3.3783783783783785,0.14889304327624242
676,3.3833833833833835,0.14639464479624703
677,3.3883883883883885,0.14417252385803503
678,3.3933933933933935,0.14221317633864983
679,3.3983983983983985,0.14050425200172464
680,3.4034034034034035,0.13903466245502477
681,3.4084084084084085,0.1377944976229841
682,3.4134134134134135,0.13677475522213794
683,3.4184184184184185,0.13596688710849658
684,3.4234234234234235,0.1353621667270393
685,3.4284284284284285,0.13495088366717115
686,3.4334334334334335,0.13472137539899057
687,3.4384384384384385,0.13465891411300596
688,3.4434434434434436,0.134744480293559
689,3.4484484484484486,0.13495347668223112
690,3.4534534534534536,0.1352544688706804
691,3.4584584584584586,0.13560808275811398
692,3.4634634634634636,0.13596624223154474
693,3.4684684684684686,0.13627198487597456
694,3.4734734734734736,0.13646013373516458
695,3.4784784784784786,0.13645910496333571
696,3.4834834834834836,0.1361940648443771
697,3.4884884884884886,0.13559148878635635
698,3.4934934934934936,0.1345849126137849
699,3.4984984984984986,0.13312133389168246
700,3.5035035035035036,0.13116739801243946
701,3.5085085085085086,0.1287143078067598
702,3.5135135135135136,0.12578044050712764
703,3.5185185185185186,0.12241099281667647
704,3.5235235235235236,0.11867454503974664
705,3.5285285285285286,0.11465707449540607
706,3.5335335335335336,0.11045445112904458
707,3.5385385385385386,0.1061646603053352
708,3.5435435435435436,0.10188088320954121
709,3.5485485485485486,0.09768620827970367
710,3.5535535535535536,0.09365029659462917
711,3.5585585585585586,0.08982792145219573
712,3.5635635635635636,0.08625903235757156
713,3.5685685685685686,0.08296987486882021
714,3.5735735735735736,0.0799747015390936
715,3.5785785785785786,0.07727768770421439
716,3.5835835835835836,0.07487477416933892
717,3.5885885885885886,0.07275526577616842
718,3.5935935935935936,0.07090310443850927
719,3.5985985985985987,0.06929780328597755
720,3.6036036036036037,0.0679150776736123
721,3.6086086086086087,0.0667272442908497
722,3.6136136136136137,0.06570348638508589
723,3.6186186186186187,0.06481010386216385
724,3.6236236236236237,0.06401088090833404
725,3.6286286286286287,0.06326770601931123
726,3.6336336336336337,0.0625415618343486
727,3.6386386386386387,0.061793955955775116
728,3.6436436436436437,0.0609887836520066
729,3.6486486486486487,0.06009450345205211
730,3.6536536536536537,0.059086386543709964
731,3.6586586586586587,0.057948504919160836
732,3.6636636636636637,0.056675091716886665
733,3.6686686686686687,0.055270969266214616
734,3.6736736736736737,0.053750895448464626
735,3.6786786786786787,0.05213788944190336
736,3.6836836836836837,0.050460800052502704
737,3.6886886886886887,0.048751510730913564
738,3.6936936936936937,0.04704220039495197
739,3.6986986986986987,0.045363004363136776
740,3.7037037037037037,0.043740283492934615
741,3.7087087087087087,0.042195561507901894
742,3.7137137137137137,0.04074507029883888
743,3.7187187187187187,0.03939977025969852
744,3.7237237237237237,0.03816568763743267
745,3.7287287287287287,0.03704442171905017
746,3.7337337337337337,0.03603370621020758
747,3.7387387387387387,0.03512794831489232
748,3.7437437437437437,0.034318707208385736
749,3.7487487487487487,0.033595106440480846
750,3.7537537537537538,0.032944200738789356
751,3.7587587587587588,0.03235133624838504
752,3.7637637637637638,0.03180055379321971
753,3.7687687687687688,0.031275085753774946
754,3.7737737737737738,0.030757986380824394
755,3.7787787787787788,0.030232910947196816
756,3.7837837837837838,0.02968502152415711
757,3.7887887887887888,0.029101951253571377
758,3.793793793793794,0.02847471522506829
759,3.798798798798799,0.027798429038151128
760,3.803803803803804,0.027072699809906904
761,3.808808808808809,0.026301595363588507
762,3.813813813813814,0.025493169375298087
763,3.818818818818819,0.02465860424616678
764,3.823823823823824,0.023811104102854024
765,3.828828828828829,0.02296470672021493
766,3.833833833833834,0.022133177466290937
767,3.838838838838839,0.021329107752209794
768,3.843843843843844,0.02056328199715213
769,3.848848848848849,0.01984431942119251
770,3.853853853853854,0.019178553396845346
771,3.858858858858859,0.01857008698012201
772,3.863863863863864,0.018020957157009874
773,3.868868868868869,0.01753134712282046
774,3.873873873873874,0.017099799709542566
775,3.878878878878879,0.016723401249194428
776,3.883883883883884,0.01639792094015109
777,3.888888888888889,0.016117905068127374
778,3.893893893893894,0.01587673816476492
779,3.898898898898899,0.015666694597605137
780,3.903903903903904,0.015479013979053602
781,3.908908908908909,0.01530404093079012
782,3.913913913913914,0.015131471556498008
783,3.918918918918919,0.014950741746802693
784,3.923923923923924,0.014751572495339784
785,3.928928928928929,0.01452465338573109
786,3.933933933933934,0.014262401127909916
787,3.938938938938939,0.01395968633051198
788,3.943943943943944,0.013614395094265866
789,3.948948948948949,0.013227698625584079
790,3.953953953953954,0.01280395064453174
791,3.958958958958959,0.012350209480180436
792,3.963963963963964,0.011875465047090096
793,3.968968968968969,0.011389711526069417
794,3.973973973973974,0.010903025166366763
795,3.978978978978979,0.0104247819172557
796,3.983983983983984,0.009963096644824117
797,3.988988988988989,0.009524506249928642
798,3.993993993993994,0.009113871070797756
799,3.998998998998999,0.008734441161787369
800,4.004004004004004,0.008388025975291098
801,4.009009009009009,0.008075211933788611
802,4.014014014014014,0.00779558544787373
803,4.019019019019019,0.007547933588302396
804,4.024024024024024,0.007330407599339779
805,4.029029029029029,0.007140644504624621
806,4.034034034034034,0.006975849275971155
807,4.039039039039039,0.0068328450994671625
808,4.044044044044044,0.0067081029725511035
809,4.049049049049049,0.006597764756811485
810,4.054054054054054,0.006497676006254592
811,4.059059059059059,0.006403445942408743
812,4.064064064064064,0.006310550854969422
813,4.069069069069069,0.006214492637054679
814,4.074074074074074,0.006111014997677584
815,4.079079079079079,0.00599636609362172
816,4.084084084084084,0.005867579865699447
817,4.089089089089089,0.005722733633558353
818,4.094094094094094,0.00556113242207518
819,4.099099099099099,0.005383376151690273
820,4.104104104104104,0.005191285444392716
821,4.109109109109109,0.0049876908821362975
822,4.114114114114114,0.004776119959886609
823,4.119119119119119,0.004560435848458515
824,4.124124124124124,0.004344486491724201
825,4.129129129129129,0.004131811949400073
826,4.134134134134134,0.0039254380289858145
827,4.1391391391391394,0.0037277627932602144
828,4.1441441441441444,0.003540525584632355
829,4.1491491491491495,0.0033648385748249886
830,4.1541541541541545,0.003201258241520312
831,4.1591591591591595,0.003049876528671141
832,4.1641641641641645,0.0029104163036944475
833,4.1691691691691695,0.0027823211039625607
834,4.1741741741741745,0.002664833868426514
835,4.1791791791791795,0.0025570628751027057
836,4.1841841841841845,0.0024580354088894448
837,4.1891891891891895,0.0023667409530377602
838,4.1941941941941945,0.0022821661852586573
839,4.1991991991991995,0.0022033240011360283
840,4.2042042042042045,0.0021292783712489483
841,4.2092092092092095,0.0020591662094625604
842,4.2142142142142145,0.0019922167091202207
843,4.2192192192192195,0.0019277679054080599
844,4.2242242242242245,0.0018652796604513217
845,4.2292292292292295,0.0018043419495186227
846,4.2342342342342345,0.001744677329301419
847,4.2392392392392395,0.0016861368127832979
848,4.2442442442442445,0.0016286890033297562
849,4.2492492492492495,0.001572403122012021
850,4.2542542542542545,0.0015174273191404864
851,4.2592592592592595,0.0014639642181667975
852,4.2642642642642645,0.0014122458756600266
853,4.2692692692692695,0.0013625102199700152
854,4.2742742742742745,0.0013149806082763055
855,4.2792792792792795,0.0012698495355257598
856,4.2842842842842845,0.001227266879707821
857,4.2892892892892895,0.0011873324982900754
858,4.2942942942942945,0.0011500925793242896
859,4.2992992992992995,0.0011155389269167327
860,4.3043043043043046,0.0010836103127131397
861,4.3093093093093096,0.0010541951161987697
862,4.314314314314315,0.0010271346615500182
863,4.31931931931932,0.0010022268944495382
864,4.324324324324325,0.0009792302931486419
865,4.32932932932933,0.0009578681457836526
866,4.334334334334335,0.0009378335258908208
867,4.33933933933934,0.0009187954348844445
868,4.344344344344345,0.0009004066252263927
869,4.34934934934935,0.000882313540283848
870,4.354354354354355,0.0008641685807400255
871,4.35935935935936,0.0008456445257713117
872,4.364364364364365,0.0008264504285655805
873,4.36936936936937,0.0008063477481221165
874,4.374374374374375,0.0007851650004902558
875,4.37937937937938,0.0007628089678340616
876,4.384384384384385,0.0007392706283504919
877,4.38938938938939,0.0007146245208012756
878,4.394394394394395,0.0006890211676359182
879,4.3993993993994,0.0006626732586694011
880,4.404404404404405,0.0006358372789635582
881,4.40940940940941,0.0006087929038473544
882,4.414414414414415,0.0005818226400667899
883,4.41941941941942,0.0005551938723711219
884,4.424424424424425,0.0005291448169108165
885,4.42942942942943,0.0005038750897362876
886,4.434434434434435,0.00047954086384074864
887,4.43943943943944,0.0004562540416332282
888,4.444444444444445,0.0004340845605373678
889,4.44944944944945,0.00041306485888222005
890,4.454454454454455,0.00039319559933462543
891,4.45945945945946,0.00037445190893163003
892,4.464464464464465,0.00035678958833510274
893,4.46946946946947,0.00034015092631615383
894,4.474474474474475,0.00032446990567002273
895,4.47947947947948,0.00030967669601864446
896,4.484484484484485,0.00029570139973057665
897,4.48948948948949,0.0002824770574677908
898,4.494494494494495,0.0002699419396508667
899,4.4994994994995,0.00025804115903888577
900,4.504504504504505,0.00024672764541029874
901,4.50950950950951,0.00023596253109429134
902,4.514514514514515,0.00022571500795791612
903,4.51951951951952,0.0002159617317533239
904,4.524524524524525,0.00020668586572634488
905,4.52952952952953,0.00019787586828787254
906,4.534534534534535,0.00018952413572083246
907,4.53953953953954,0.00018162560794395273
908,4.544544544544545,0.00017417643278638223
909,4.54954954954955,0.00016717276354029153
910,4.554554554554555,0.00016060973877996145
911,4.55955955955956,0.0001544806663260205
912,4.564564564564565,0.0001487764084212575
913,4.56956956956957,0.0001434849454984307
914,4.574574574574575,0.000138591083057656
915,4.57957957957958,0.00013407626071267585
916,4.584584584584585,0.0001299184241467231
917,4.58958958958959,0.00012609192879958406
918,4.594594594594595,0.000122567457703484
919,4.5995995995996,0.00011931195413989239
920,4.604604604604605,0.00011628859181628404
921,4.60960960960961,0.00011345682982595056
922,4.614614614614615,0.00011077262460395356
923,4.61961961961962,0.00010818889265141718
924,4.624624624624625,0.00010565632995144395
925,4.62962962962963,0.00010312468841569225
926,4.634634634634635,0.00010054457685607722
927,4.63963963963964,9.786978607867461e-05
928,4.644644644644645,9.506003357422854e-05
929,4.64964964964965,9.208389413280701e-05
930,4.654654654654655,8.892155589316486e-05
931,4.65965965965966,8.55669580625871e-05
932,4.664664664664665,8.202887043657714e-05
933,4.66966966966967,7.833059275985497e-05
934,4.674674674674675,7.450817507927154e-05
935,4.67967967967968,7.060733750934318e-05
936,4.684684684684685,6.667952007387793e-05
937,4.68968968968969,6.27776442673565e-05
938,4.694694694694695,5.895217681645294e-05
939,4.6996996996997,5.5247962833476334e-05
940,4.704704704704705,5.170209196670549e-05
941,4.70970970970971,4.83428446482584e-05
942,4.714714714714715,4.5189591648606224e-05
943,4.71971971971972,4.225341702775346e-05
944,4.724724724724725,3.953820265070698e-05
945,4.72972972972973,3.7041934066482804e-05
946,4.734734734734735,3.475803902221381e-05
947,4.73973973973974,3.267663029892216e-05
948,4.744744744744745,3.078557990992511e-05
949,4.74974974974975,2.9071395113892315e-05
950,4.754754754754755,2.751989662193907e-05
951,4.75975975975976,2.611671739243793e-05
952,4.764764764764765,2.484764935859543e-05
953,4.76976976976977,2.3698868279975065e-05
954,4.774774774774775,2.2657066128399072e-05
955,4.77977977977978,2.1709517818711133e-05
956,4.784784784784785,2.084410583608491e-05
957,4.78978978978979,2.004932301770369e-05
958,4.794794794794795,1.931427063247057e-05
959,4.7997997997998,1.8628665890172543e-05
960,4.804804804804805,1.7982869835977055e-05
961,4.80980980980981,1.7367942901636935e-05
962,4.814814814814815,1.6775730889425142e-05
963,4.81981981981982,1.619897874697992e-05
964,4.824824824824825,1.5631463380633245e-05
965,4.82982982982983,1.5068130631253275e-05
966,4.834834834834835,1.4505216524830339e-05
967,4.83983983983984,1.3940330392529784e-05
968,4.844844844844845,1.3372478686342048e-05
969,4.84984984984985,1.2802013920137155e-05
970,4.854854854854855,1.2230502700576844e-05
971,4.85985985985986,1.1660518639872114e-05
972,4.864864864864865,1.1095377547702121e-05
973,4.86986986986987,1.053884101392691e-05
974,4.874874874874875,9.99481835376209e-06
975,4.87987987987988,9.467095262706936e-06
976,4.884884884884885,8.95911124929422e-06
977,4.88988988988989,8.473798870376545e-06
978,4.894894894894895,8.013488232901325e-06
979,4.8998998998999,7.579872059621468e-06
980,4.904904904904905,7.174020992797031e-06
981,4.90990990990991,6.796436031489993e-06
982,4.914914914914915,6.447124702879302e-06
983,4.91991991991992,6.125689033740379e-06
984,4.924924924924925,5.831415818269622e-06
985,4.92992992992993,5.563362396217783e-06
986,4.934934934934935,5.3204336914213034e-06
987,4.93993993993994,5.101448357120233e-06
988,4.944944944944945,4.9051934415481365e-06
989,4.94994994994995,4.730468047227476e-06
990,4.954954954954955,4.576117091310904e-06
991,4.95995995995996,4.441056583627461e-06
992,4.964964964964965,4.324291921637785e-06
993,4.96996996996997,4.224930639455397e-06
994,4.974974974974975,4.1421909041638915e-06
995,4.97997997997998,4.075406870968492e-06
996,4.984984984984985,4.02403181783132e-06
997,4.98998998998999,3.987639796816875e-06
998,4.994994994994995,3.965926371554286e-06
999,5.0,3.958708860381626e-06
